image: gamefield_map.pgm
resolution: 0.019999999552965164
origin: [3.668975142380305, 3.315736637661532, 0.0]
occupied_thresh: 0.65
free_thresh: 0.196
negate: 0
